  0.195167735       7.79411271E-02  0.151711181      0.195823520       7.62453303E-02  0.151711181      0.196479306       7.45495334E-02  0.151711181      0.197135076       7.28537291E-02  0.151711181      0.197790861       7.11579323E-02  0.151711181      0.198446646       6.94621354E-02  0.151711181      0.199102417       6.77663311E-02  0.151711181      0.199758202       6.60705343E-02  0.151711181      0.200413987       6.43747374E-02  0.151711181      0.201069772       6.26789331E-02  0.151711181      0.201725543       6.09831363E-02  0.151711181    
   8.63032881E-03  0.167464823       3.85634899E-02   9.03655682E-03  0.165692598       3.85634899E-02   9.44278575E-03  0.163920373       3.85634899E-02   9.84901376E-03  0.162148163       3.85634899E-02   1.02552418E-02  0.160375938       3.85634899E-02   1.06614698E-02  0.158603713       3.85634899E-02   1.10676978E-02  0.156831503       3.85634899E-02   1.14739267E-02  0.155059278       3.85634899E-02   1.18801547E-02  0.153287053       3.85634899E-02   1.22863827E-02  0.151514843       3.85634899E-02   1.26926107E-02  0.149742618       3.85634899E-02
  0.129476875       5.77382073E-02  0.198419437      0.131284729       5.75447194E-02  0.198419437      0.133092597       5.73512316E-02  0.198419437      0.134900451       5.71577437E-02  0.198419437      0.136708304       5.69642559E-02  0.198419437      0.138516158       5.67707680E-02  0.198419437      0.140324011       5.65772802E-02  0.198419437      0.142131880       5.63837923E-02  0.198419437      0.143939734       5.61903045E-02  0.198419437      0.145747587       5.59968129E-02  0.198419437      0.147555441       5.58033250E-02  0.198419437    
   3.36279608E-02   6.70264438E-02  0.175943092       3.41764614E-02   6.52929693E-02  0.175943092       3.47249620E-02   6.35594949E-02  0.175943092       3.52734625E-02   6.18260205E-02  0.175943092       3.58219631E-02   6.00925460E-02  0.175943092       3.63704637E-02   5.83590716E-02  0.175943092       3.69189642E-02   5.66255972E-02  0.175943092       3.74674648E-02   5.48921227E-02  0.175943092       3.80159654E-02   5.31586483E-02  0.175943092       3.85644659E-02   5.14251776E-02  0.175943092       3.91129665E-02   4.96917032E-02  0.175943092    
   6.84429258E-02  0.197659910       9.45243835E-02   7.02439025E-02  0.197410375       9.45243835E-02   7.20448792E-02  0.197160825       9.45243835E-02   7.38458559E-02  0.196911290       9.45243835E-02   7.56468326E-02  0.196661755       9.45243835E-02   7.74478093E-02  0.196412221       9.45243835E-02   7.92487860E-02  0.196162686       9.45243835E-02   8.10497627E-02  0.195913136       9.45243835E-02   8.28507394E-02  0.195663601       9.45243835E-02   8.46517161E-02  0.195414066       9.45243835E-02   8.64526927E-02  0.195164531       9.45243835E-02
   7.32082501E-02  0.116864659       7.57105350E-02   7.28378445E-02  0.115084603       7.57105350E-02   7.24674314E-02  0.113304555       7.57105350E-02   7.20970258E-02  0.111524500       7.57105350E-02   7.17266127E-02  0.109744452       7.57105350E-02   7.13561997E-02  0.107964404       7.57105350E-02   7.09857941E-02  0.106184348       7.57105350E-02   7.06153810E-02  0.104404300       7.57105350E-02   7.02449754E-02  0.102624245       7.57105350E-02   6.98745623E-02  0.100844197       7.57105350E-02   6.95041567E-02   9.90641490E-02   7.57105350E-02
   6.02407344E-02  0.192230731      0.159623772       6.20007776E-02  0.191774622      0.159623772       6.37608245E-02  0.191318527      0.159623772       6.55208677E-02  0.190862417      0.159623772       6.72809109E-02  0.190406322      0.159623772       6.90409541E-02  0.189950228      0.159623772       7.08009973E-02  0.189494118      0.159623772       7.25610405E-02  0.189038023      0.159623772       7.43210912E-02  0.188581914      0.159623772       7.60811344E-02  0.188125819      0.159623772       7.78411776E-02  0.187669709      0.159623772    
  0.197200045      0.123078451       9.57175270E-02  0.197062820      0.121265456       9.57175270E-02  0.196925581      0.119452454       9.57175270E-02  0.196788356      0.117639460       9.57175270E-02  0.196651131      0.115826465       9.57175270E-02  0.196513906      0.114013471       9.57175270E-02  0.196376681      0.112200476       9.57175270E-02  0.196239442      0.110387474       9.57175270E-02  0.196102217      0.108574480       9.57175270E-02  0.195964992      0.106761485       9.57175270E-02  0.195827767      0.104948491       9.57175270E-02
  0.128121346       1.53103601E-02   9.95025188E-02  0.127226979       1.37273613E-02   9.95025188E-02  0.126332611       1.21443635E-02   9.95025188E-02  0.125438228       1.05613656E-02   9.95025188E-02  0.124543861       8.97836685E-03   9.95025188E-02  0.123649485       7.39536854E-03   9.95025188E-02  0.122755118       5.81237022E-03   9.95025188E-02  0.121860743       4.22937190E-03   9.95025188E-02  0.120966375       2.64637358E-03   9.95025188E-02  0.120072000       1.06337573E-03   9.95025188E-02  0.119177625      -5.19623049E-04   9.95025188E-02
  0.144810960      0.203809559       1.43438345E-02  0.143382400      0.202684835       1.43438345E-02  0.141953841      0.201560110       1.43438345E-02  0.140525296      0.200435370       1.43438345E-02  0.139096737      0.199310645       1.43438345E-02  0.137668177      0.198185921       1.43438345E-02  0.136239633      0.197061181       1.43438345E-02  0.134811074      0.195936456       1.43438345E-02  0.133382514      0.194811732       1.43438345E-02  0.131953970      0.193686992       1.43438345E-02  0.130525410      0.192562267       1.43438345E-02
   8.35107490E-02   4.26860712E-02   9.83089432E-02   8.18458796E-02   4.19553220E-02   9.83089432E-02   8.01810101E-02   4.12245728E-02   9.83089432E-02   7.85161406E-02   4.04938199E-02   9.83089432E-02   7.68512711E-02   3.97630706E-02   9.83089432E-02   7.51864016E-02   3.90323214E-02   9.83089432E-02   7.35215321E-02   3.83015685E-02   9.83089432E-02   7.18566626E-02   3.75708193E-02   9.83089432E-02   7.01917931E-02   3.68400700E-02   9.83089432E-02   6.85269237E-02   3.61093171E-02   9.83089432E-02   6.68620542E-02   3.53785679E-02   9.83089432E-02
   7.41921961E-02   3.95430848E-02  0.161011502       7.53537044E-02   3.81442644E-02  0.161011502       7.65152052E-02   3.67454439E-02  0.161011502       7.76767060E-02   3.53466235E-02  0.161011502       7.88382068E-02   3.39478031E-02  0.161011502       7.99997076E-02   3.25489827E-02  0.161011502       8.11612085E-02   3.11501622E-02  0.161011502       8.23227093E-02   2.97513418E-02  0.161011502       8.34842175E-02   2.83525214E-02  0.161011502       8.46457183E-02   2.69537009E-02  0.161011502       8.58072191E-02   2.55548805E-02  0.161011502    
  0.114847742       8.03582966E-02   5.71945198E-02  0.116258301       7.92110786E-02   5.71945198E-02  0.117668860       7.80638605E-02   5.71945198E-02  0.119079418       7.69166425E-02   5.71945198E-02  0.120489977       7.57694244E-02   5.71945198E-02  0.121900536       7.46222064E-02   5.71945198E-02  0.123311095       7.34749883E-02   5.71945198E-02  0.124721654       7.23277703E-02   5.71945198E-02  0.126132205       7.11805522E-02   5.71945198E-02  0.127542764       7.00333342E-02   5.71945198E-02  0.128953323       6.88861087E-02   5.71945198E-02
   7.54070580E-02   4.80436198E-02   8.33973885E-02   7.37095326E-02   4.73923087E-02   8.33973885E-02   7.20120072E-02   4.67410013E-02   8.33973885E-02   7.03144893E-02   4.60896939E-02   8.33973885E-02   6.86169639E-02   4.54383865E-02   8.33973885E-02   6.69194385E-02   4.47870791E-02   8.33973885E-02   6.52219206E-02   4.41357717E-02   8.33973885E-02   6.35243952E-02   4.34844643E-02   8.33973885E-02   6.18268736E-02   4.28331532E-02   8.33973885E-02   6.01293519E-02   4.21818458E-02   8.33973885E-02   5.84318265E-02   4.15305384E-02   8.33973885E-02
   5.29583618E-02   1.77948121E-02  0.134598970       5.47663197E-02   1.76022872E-02  0.134598970       5.65742813E-02   1.74097605E-02  0.134598970       5.83822392E-02   1.72172338E-02  0.134598970       6.01902008E-02   1.70247089E-02  0.134598970       6.19981624E-02   1.68321840E-02  0.134598970       6.38061240E-02   1.66396573E-02  0.134598970       6.56140819E-02   1.64471306E-02  0.134598970       6.74220398E-02   1.62546057E-02  0.134598970       6.92299977E-02   1.60620809E-02  0.134598970       7.10379630E-02   1.58695541E-02  0.134598970    
   6.50786981E-03  0.105000474       9.22408141E-03   6.22405764E-03  0.103204578       9.22408141E-03   5.94024500E-03  0.101408690       9.22408141E-03   5.65643236E-03   9.96127948E-02   9.22408141E-03   5.37261972E-03   9.78168994E-02   9.22408141E-03   5.08880708E-03   9.60210040E-02   9.22408141E-03   4.80499445E-03   9.42251086E-02   9.22408141E-03   4.52118181E-03   9.24292207E-02   9.22408141E-03   4.23736963E-03   9.06333253E-02   9.22408141E-03   3.95355700E-03   8.88374299E-02   9.22408141E-03   3.66974436E-03   8.70415345E-02   9.22408141E-03
   2.22212840E-02   8.29548985E-02   3.00750732E-02   2.40361374E-02   8.28449205E-02   3.00750732E-02   2.58509908E-02   8.27349499E-02   3.00750732E-02   2.76658423E-02   8.26249719E-02   3.00750732E-02   2.94806957E-02   8.25150013E-02   3.00750732E-02   3.12955491E-02   8.24050307E-02   3.00750732E-02   3.31104025E-02   8.22950527E-02   3.00750732E-02   3.49252522E-02   8.21850821E-02   3.00750732E-02   3.67401056E-02   8.20751041E-02   3.00750732E-02   3.85549590E-02   8.19651335E-02   3.00750732E-02   4.03698124E-02   8.18551555E-02   3.00750732E-02
   7.80506954E-02  0.165743470       8.99720713E-02   7.66429901E-02  0.164592758       8.99720713E-02   7.52352923E-02  0.163442031       8.99720713E-02   7.38275871E-02  0.162291318       8.99720713E-02   7.24198818E-02  0.161140591       8.99720713E-02   7.10121766E-02  0.159989864       8.99720713E-02   6.96044713E-02  0.158839151       8.99720713E-02   6.81967735E-02  0.157688424       8.99720713E-02   6.67890683E-02  0.156537712       8.99720713E-02   6.53813630E-02  0.155386984       8.99720713E-02   6.39736652E-02  0.154236272       8.99720713E-02
  0.167267829       6.53342009E-02   1.90263279E-02  0.165726662       6.43695295E-02   1.90263279E-02  0.164185494       6.34048581E-02   1.90263279E-02  0.162644327       6.24401867E-02   1.90263279E-02  0.161103159       6.14755154E-02   1.90263279E-02  0.159561992       6.05108440E-02   1.90263279E-02  0.158020824       5.95461726E-02   1.90263279E-02  0.156479657       5.85815050E-02   1.90263279E-02  0.154938489       5.76168336E-02   1.90263279E-02  0.153397322       5.66521622E-02   1.90263279E-02  0.151856154       5.56874909E-02   1.90263279E-02
  0.183344662      0.120442912      0.103076220      0.181527644      0.120377742      0.103076220      0.179710627      0.120312572      0.103076220      0.177893624      0.120247401      0.103076220      0.176076606      0.120182231      0.103076220      0.174259588      0.120117061      0.103076220      0.172442585      0.120051891      0.103076220      0.170625567      0.119986720      0.103076220      0.168808550      0.119921550      0.103076220      0.166991532      0.119856387      0.103076220      0.165174529      0.119791217      0.103076220    
  -3.15277418E-03  0.189455301      0.171636060      -1.68353785E-03  0.188384250      0.171636060      -2.14301748E-04  0.187313214      0.171636060       1.25493447E-03  0.186242163      0.171636060       2.72417068E-03  0.185171127      0.171636060       4.19340702E-03  0.184100091      0.171636060       5.66264335E-03  0.183029041      0.171636060       7.13187922E-03  0.181958005      0.171636060       8.60111602E-03  0.180886954      0.171636060       1.00703519E-02  0.179815918      0.171636060       1.15395878E-02  0.178744882      0.171636060    
   9.43386033E-02   6.04596771E-02  0.152967602       9.25790668E-02   6.00016341E-02  0.152967602       9.08195227E-02   5.95435947E-02  0.152967602       8.90599862E-02   5.90855516E-02  0.152967602       8.73004422E-02   5.86275123E-02  0.152967602       8.55408981E-02   5.81694730E-02  0.152967602       8.37813616E-02   5.77114299E-02  0.152967602       8.20218176E-02   5.72533906E-02  0.152967602       8.02622810E-02   5.67953475E-02  0.152967602       7.85027370E-02   5.63373081E-02  0.152967602       7.67432004E-02   5.58792651E-02  0.152967602    
  0.128621340       8.79063904E-02   1.35326860E-02  0.128183156       8.61418024E-02   1.35326860E-02  0.127744973       8.43772069E-02   1.35326860E-02  0.127306774       8.26126188E-02   1.35326860E-02  0.126868591       8.08480307E-02   1.35326860E-02  0.126430407       7.90834427E-02   1.35326860E-02  0.125992209       7.73188546E-02   1.35326860E-02  0.125554025       7.55542591E-02   1.35326860E-02  0.125115842       7.37896711E-02   1.35326860E-02  0.124677651       7.20250830E-02   1.35326860E-02  0.124239460       7.02604949E-02   1.35326860E-02
   4.74684276E-02   4.60266769E-02  0.192957506       4.66627777E-02   4.43967357E-02  0.192957506       4.58571240E-02   4.27667946E-02  0.192957506       4.50514704E-02   4.11368534E-02  0.192957506       4.42458168E-02   3.95069122E-02  0.192957506       4.34401631E-02   3.78769711E-02  0.192957506       4.26345095E-02   3.62470299E-02  0.192957506       4.18288559E-02   3.46170887E-02  0.192957506       4.10232060E-02   3.29871476E-02  0.192957506       4.02175523E-02   3.13572064E-02  0.192957506       3.94118987E-02   2.97272652E-02  0.192957506    
   3.47647965E-02  0.206144214       7.07792789E-02   3.52393985E-02  0.204389066       7.07792789E-02   3.57140005E-02  0.202633917       7.07792789E-02   3.61885987E-02  0.200878769       7.07792789E-02   3.66632007E-02  0.199123621       7.07792789E-02   3.71378027E-02  0.197368473       7.07792789E-02   3.76124009E-02  0.195613325       7.07792789E-02   3.80870029E-02  0.193858176       7.07792789E-02   3.85616049E-02  0.192103028       7.07792789E-02   3.90362069E-02  0.190347895       7.07792789E-02   3.95108052E-02  0.188592747       7.07792789E-02
  0.191501915      0.194456607       1.86401363E-02  0.190612629      0.192870736       1.86401363E-02  0.189723343      0.191284880       1.86401363E-02  0.188834041      0.189699024       1.86401363E-02  0.187944755      0.188113168       1.86401363E-02  0.187055469      0.186527312       1.86401363E-02  0.186166167      0.184941456       1.86401363E-02  0.185276881      0.183355600       1.86401363E-02  0.184387594      0.181769729       1.86401363E-02  0.183498293      0.180183873       1.86401363E-02  0.182609007      0.178598017       1.86401363E-02
   8.83981660E-02  0.193125695       6.99200183E-02   8.76496360E-02  0.191468745       6.99200183E-02   8.69011134E-02  0.189811796       6.99200183E-02   8.61525834E-02  0.188154832       6.99200183E-02   8.54040608E-02  0.186497882       6.99200183E-02   8.46555382E-02  0.184840932       6.99200183E-02   8.39070082E-02  0.183183968       6.99200183E-02   8.31584856E-02  0.181527019       6.99200183E-02   8.24099556E-02  0.179870069       6.99200183E-02   8.16614330E-02  0.178213120       6.99200183E-02   8.09129104E-02  0.176556155       6.99200183E-02
  0.145251498      0.114892147      0.117593668      0.145425022      0.113082267      0.117593668      0.145598546      0.111272387      0.117593668      0.145772070      0.109462500      0.117593668      0.145945594      0.107652619      0.117593668      0.146119118      0.105842739      0.117593668      0.146292642      0.104032852      0.117593668      0.146466166      0.102222972      0.117593668      0.146639690      0.100413091      0.117593668      0.146813214       9.86032039E-02  0.117593668      0.146986738       9.67933238E-02  0.117593668    
  0.190403268       6.43591210E-03   8.33887607E-02  0.192043886       5.65223210E-03   8.33887607E-02  0.193684503       4.86855162E-03   8.33887607E-02  0.195325121       4.08487162E-03   8.33887607E-02  0.196965739       3.30119138E-03   8.33887607E-02  0.198606357       2.51751114E-03   8.33887607E-02  0.200246975       1.73383113E-03   8.33887607E-02  0.201887593       9.50150890E-04   8.33887607E-02  0.203528211       1.66470883E-04   8.33887607E-02  0.205168828      -6.17209123E-04   8.33887607E-02  0.206809446      -1.40088960E-03   8.33887607E-02
  0.108408205       4.63377349E-02   5.99033348E-02  0.110217400       4.61571701E-02   5.99033348E-02  0.112026595       4.59766090E-02   5.99033348E-02  0.113835789       4.57960442E-02   5.99033348E-02  0.115644984       4.56154831E-02   5.99033348E-02  0.117454179       4.54349220E-02   5.99033348E-02  0.119263373       4.52543572E-02   5.99033348E-02  0.121072568       4.50737961E-02   5.99033348E-02  0.122881763       4.48932312E-02   5.99033348E-02  0.124690950       4.47126701E-02   5.99033348E-02  0.126500145       4.45321091E-02   5.99033348E-02
  0.189778015       2.33285837E-02   5.20117767E-02  0.191355035       2.24237274E-02   5.20117767E-02  0.192932069       2.15188712E-02   5.20117767E-02  0.194509089       2.06140149E-02   5.20117767E-02  0.196086124       1.97091587E-02   5.20117767E-02  0.197663158       1.88043024E-02   5.20117767E-02  0.199240178       1.78994462E-02   5.20117767E-02  0.200817212       1.69945899E-02   5.20117767E-02  0.202394232       1.60897337E-02   5.20117767E-02  0.203971267       1.51848765E-02   5.20117767E-02  0.205548301       1.42800203E-02   5.20117767E-02
  0.168209463      0.134517923      0.104755692      0.166773066      0.133403227      0.104755692      0.165336668      0.132288530      0.104755692      0.163900256      0.131173849      0.104755692      0.162463859      0.130059153      0.104755692      0.161027461      0.128944457      0.104755692      0.159591049      0.127829775      0.104755692      0.158154652      0.126715079      0.104755692      0.156718254      0.125600383      0.104755692      0.155281857      0.124485701      0.104755692      0.153845444      0.123371005      0.104755692    
   2.61847693E-02   6.78314045E-02  0.188996360       2.69697569E-02   6.61914051E-02  0.188996360       2.77547464E-02   6.45514131E-02  0.188996360       2.85397340E-02   6.29114211E-02  0.188996360       2.93247234E-02   6.12714291E-02  0.188996360       3.01097129E-02   5.96314371E-02  0.188996360       3.08947004E-02   5.79914413E-02  0.188996360       3.16796899E-02   5.63514493E-02  0.188996360       3.24646793E-02   5.47114573E-02  0.188996360       3.32496651E-02   5.30714616E-02  0.188996360       3.40346545E-02   5.14314696E-02  0.188996360    
   5.62304668E-02  0.153424948       3.60887051E-02   5.77043071E-02  0.152360246       3.60887051E-02   5.91781475E-02  0.151295543       3.60887051E-02   6.06519878E-02  0.150230855       3.60887051E-02   6.21258281E-02  0.149166152       3.60887051E-02   6.35996684E-02  0.148101449       3.60887051E-02   6.50735050E-02  0.147036761       3.60887051E-02   6.65473491E-02  0.145972058       3.60887051E-02   6.80211857E-02  0.144907355       3.60887051E-02   6.94950297E-02  0.143842667       3.60887051E-02   7.09688663E-02  0.142777964       3.60887051E-02
  0.149705604       6.54706359E-02  0.125275090      0.148080677       6.46549016E-02  0.125275090      0.146455765       6.38391674E-02  0.125275090      0.144830838       6.30234331E-02  0.125275090      0.143205926       6.22076988E-02  0.125275090      0.141581014       6.13919646E-02  0.125275090      0.139956087       6.05762303E-02  0.125275090      0.138331175       5.97604923E-02  0.125275090      0.136706248       5.89447580E-02  0.125275090      0.135081336       5.81290238E-02  0.125275090      0.133456409       5.73132858E-02  0.125275090    
  0.106217116       7.72341639E-02   2.31737625E-02  0.104430430       7.68972188E-02   2.31737625E-02  0.102643736       7.65602738E-02   2.31737625E-02  0.100857049       7.62233362E-02   2.31737625E-02   9.90703627E-02   7.58863911E-02   2.31737625E-02   9.72836763E-02   7.55494460E-02   2.31737625E-02   9.54969898E-02   7.52125084E-02   2.31737625E-02   9.37102959E-02   7.48755634E-02   2.31737625E-02   9.19236094E-02   7.45386183E-02   2.31737625E-02   9.01369229E-02   7.42016807E-02   2.31737625E-02   8.83502364E-02   7.38647357E-02   2.31737625E-02
   8.81033167E-02   5.30802570E-02  0.121346474       8.65964442E-02   5.20628467E-02  0.121346474       8.50895792E-02   5.10454364E-02  0.121346474       8.35827067E-02   5.00280224E-02  0.121346474       8.20758343E-02   4.90106121E-02  0.121346474       8.05689618E-02   4.79932018E-02  0.121346474       7.90620893E-02   4.69757877E-02  0.121346474       7.75552243E-02   4.59583774E-02  0.121346474       7.60483518E-02   4.49409671E-02  0.121346474       7.45414793E-02   4.39235531E-02  0.121346474       7.30346143E-02   4.29061428E-02  0.121346474    
   7.72140622E-02   3.62077504E-02  0.113965273       7.55524933E-02   3.54695134E-02  0.113965273       7.38909319E-02   3.47312801E-02  0.113965273       7.22293630E-02   3.39930467E-02  0.113965273       7.05678016E-02   3.32548134E-02  0.113965273       6.89062402E-02   3.25165801E-02  0.113965273       6.72446713E-02   3.17783467E-02  0.113965273       6.55831099E-02   3.10401116E-02  0.113965273       6.39215410E-02   3.03018782E-02  0.113965273       6.22599795E-02   2.95636449E-02  0.113965273       6.05984144E-02   2.88254097E-02  0.113965273    
   9.19892453E-03  0.151861235      0.103868678       1.06319711E-02  0.150742233      0.103868678       1.20650157E-02  0.149623230      0.103868678       1.34980613E-02  0.148504227      0.103868678       1.49311069E-02  0.147385225      0.103868678       1.63641516E-02  0.146266222      0.103868678       1.77971981E-02  0.145147219      0.103868678       1.92302428E-02  0.144028217      0.103868678       2.06632894E-02  0.142909214      0.103868678       2.20963340E-02  0.141790211      0.103868678       2.35293806E-02  0.140671209      0.103868678    
  0.125794902      0.169202268       2.64392849E-02  0.124657400      0.167783871       2.64392849E-02  0.123519905      0.166365460       2.64392849E-02  0.122382402      0.164947048       2.64392849E-02  0.121244907      0.163528636       2.64392849E-02  0.120107412      0.162110224       2.64392849E-02  0.118969910      0.160691813       2.64392849E-02  0.117832415      0.159273401       2.64392849E-02  0.116694920      0.157855004       2.64392849E-02  0.115557425      0.156436592       2.64392849E-02  0.114419922      0.155018181       2.64392849E-02
  0.168391824       9.85975191E-02   6.07177727E-02  0.167754143       9.68948305E-02   6.07177727E-02  0.167116463       9.51921418E-02   6.07177727E-02  0.166478783       9.34894532E-02   6.07177727E-02  0.165841103       9.17867646E-02   6.07177727E-02  0.165203422       9.00840759E-02   6.07177727E-02  0.164565742       8.83813873E-02   6.07177727E-02  0.163928062       8.66786987E-02   6.07177727E-02  0.163290381       8.49760100E-02   6.07177727E-02  0.162652716       8.32733214E-02   6.07177727E-02  0.162015036       8.15706253E-02   6.07177727E-02
   8.54207277E-02   4.82975319E-02   4.46557999E-04   8.49889815E-02   4.65313531E-02   4.46557999E-04   8.45572352E-02   4.47651781E-02   4.46557999E-04   8.41254890E-02   4.29989994E-02   4.46557999E-04   8.36937428E-02   4.12328243E-02   4.46557999E-04   8.32619965E-02   3.94666493E-02   4.46557999E-04   8.28302503E-02   3.77004705E-02   4.46557999E-04   8.23985040E-02   3.59342955E-02   4.46557999E-04   8.19667578E-02   3.41681167E-02   4.46557999E-04   8.15350041E-02   3.24019417E-02   4.46557999E-04   8.11032578E-02   3.06357648E-02   4.46557999E-04
   9.93479565E-02  0.149331614      0.196357593      0.101019956      0.148617327      0.196357593      0.102691948      0.147903040      0.196357593      0.104363948      0.147188753      0.196357593      0.106035948      0.146474466      0.196357593      0.107707947      0.145760179      0.196357593      0.109379947      0.145045891      0.196357593      0.111051939      0.144331604      0.196357593      0.112723939      0.143617317      0.196357593      0.114395939      0.142903030      0.196357593      0.116067939      0.142188743      0.196357593    
  0.189113051       7.60082379E-02  0.186831668      0.187340736       7.56023973E-02  0.186831668      0.185568422       7.51965642E-02  0.186831668      0.183796123       7.47907236E-02  0.186831668      0.182023808       7.43848830E-02  0.186831668      0.180251494       7.39790425E-02  0.186831668      0.178479195       7.35732019E-02  0.186831668      0.176706880       7.31673688E-02  0.186831668      0.174934566       7.27615282E-02  0.186831668      0.173162267       7.23556876E-02  0.186831668      0.171389952       7.19498470E-02  0.186831668    
   8.45094025E-02  0.189769611       3.94568453E-03   8.34002495E-02  0.188328922       3.94568453E-03   8.22910964E-02  0.186888248       3.94568453E-03   8.11819360E-02  0.185447559       3.94568453E-03   8.00727829E-02  0.184006885       3.94568453E-03   7.89636299E-02  0.182566211       3.94568453E-03   7.78544694E-02  0.181125522       3.94568453E-03   7.67453164E-02  0.179684848       3.94568453E-03   7.56361634E-02  0.178244159       3.94568453E-03   7.45270029E-02  0.176803485       3.94568453E-03   7.34178498E-02  0.175362810       3.94568453E-03
  0.116904393      0.144632161       5.99591732E-02  0.116605774      0.142838672       5.99591732E-02  0.116307154      0.141045168       5.99591732E-02  0.116008542      0.139251679       5.99591732E-02  0.115709923      0.137458190       5.99591732E-02  0.115411304      0.135664701       5.99591732E-02  0.115112692      0.133871213       5.99591732E-02  0.114814073      0.132077709       5.99591732E-02  0.114515454      0.130284220       5.99591732E-02  0.114216842      0.128490731       5.99591732E-02  0.113918222      0.126697242       5.99591732E-02
  0.127997369       7.73086399E-02   5.03221527E-02  0.129622027       7.64923692E-02   5.03221527E-02  0.131246671       7.56760985E-02   5.03221527E-02  0.132871330       7.48598352E-02   5.03221527E-02  0.134495974       7.40435645E-02   5.03221527E-02  0.136120617       7.32272938E-02   5.03221527E-02  0.137745276       7.24110305E-02   5.03221527E-02  0.139369920       7.15947598E-02   5.03221527E-02  0.140994579       7.07784891E-02   5.03221527E-02  0.142619222       6.99622259E-02   5.03221527E-02  0.144243881       6.91459551E-02   5.03221527E-02
  0.170450971       4.38543186E-02   9.94494930E-02  0.168943718       4.28374782E-02   9.94494930E-02  0.167436466       4.18206379E-02   9.94494930E-02  0.165929198       4.08038013E-02   9.94494930E-02  0.164421946       3.97869609E-02   9.94494930E-02  0.162914693       3.87701206E-02   9.94494930E-02  0.161407426       3.77532840E-02   9.94494930E-02  0.159900174       3.67364436E-02   9.94494930E-02  0.158392921       3.57196033E-02   9.94494930E-02  0.156885669       3.47027667E-02   9.94494930E-02  0.155378401       3.36859263E-02   9.94494930E-02
   5.50686941E-02  0.187037632       7.35232383E-02   5.33438884E-02  0.186462462       7.35232383E-02   5.16190827E-02  0.185887277       7.35232383E-02   4.98942770E-02  0.185312107       7.35232383E-02   4.81694713E-02  0.184736922       7.35232383E-02   4.64446656E-02  0.184161738       7.35232383E-02   4.47198600E-02  0.183586568       7.35232383E-02   4.29950543E-02  0.183011383       7.35232383E-02   4.12702486E-02  0.182436213       7.35232383E-02   3.95454429E-02  0.181861028       7.35232383E-02   3.78206372E-02  0.181285843       7.35232383E-02
   7.25928172E-02  0.182719573      0.169411048       7.43646175E-02  0.182719573      0.169002995       7.61364177E-02  0.182719573      0.168594941       7.79082179E-02  0.182719573      0.168186888       7.96800181E-02  0.182719573      0.167778835       8.14518183E-02  0.182719573      0.167370781       8.32236186E-02  0.182719573      0.166962728       8.49954188E-02  0.182719573      0.166554675       8.67672190E-02  0.182719573      0.166146621       8.85390192E-02  0.182719573      0.165738568       9.03108194E-02  0.182719573      0.165330514    
   6.64261431E-02  0.103175066       6.39323145E-02   6.46125898E-02  0.103175066       6.38027266E-02   6.27990291E-02  0.103175066       6.36731386E-02   6.09854721E-02  0.103175066       6.35435432E-02   5.91719151E-02  0.103175066       6.34139553E-02   5.73583581E-02  0.103175066       6.32843673E-02   5.55448011E-02  0.103175066       6.31547719E-02   5.37312403E-02  0.103175066       6.30251840E-02   5.19176833E-02  0.103175066       6.28955960E-02   5.01041263E-02  0.103175066       6.27660006E-02   4.82905693E-02  0.103175066       6.26364127E-02
  0.195878536       7.39211068E-02  0.199249923      0.196633324       7.39211068E-02  0.197595820      0.197388127       7.39211068E-02  0.195941716      0.198142916       7.39211068E-02  0.194287598      0.198897704       7.39211068E-02  0.192633495      0.199652493       7.39211068E-02  0.190979391      0.200407282       7.39211068E-02  0.189325273      0.201162085       7.39211068E-02  0.187671170      0.201916873       7.39211068E-02  0.186017066      0.202671662       7.39211068E-02  0.184362948      0.203426450       7.39211068E-02  0.182708845    
  0.186508164       5.30492775E-02  0.204843625      0.187671527       5.30492775E-02  0.203446344      0.188834876       5.30492775E-02  0.202049077      0.189998239       5.30492775E-02  0.200651795      0.191161588       5.30492775E-02  0.199254513      0.192324936       5.30492775E-02  0.197857231      0.193488300       5.30492775E-02  0.196459949      0.194651648       5.30492775E-02  0.195062682      0.195815012       5.30492775E-02  0.193665400      0.196978360       5.30492775E-02  0.192268118      0.198141724       5.30492775E-02  0.190870836    
   6.45801425E-02   4.76140995E-03   2.81160735E-02   6.62610754E-02   4.76140995E-03   2.74230875E-02   6.79420158E-02   4.76140995E-03   2.67301034E-02   6.96229562E-02   4.76140995E-03   2.60371193E-02   7.13038966E-02   4.76140995E-03   2.53441334E-02   7.29848370E-02   4.76140995E-03   2.46511474E-02   7.46657774E-02   4.76140995E-03   2.39581633E-02   7.63467178E-02   4.76140995E-03   2.32651792E-02   7.80276507E-02   4.76140995E-03   2.25721933E-02   7.97085911E-02   4.76140995E-03   2.18792092E-02   8.13895315E-02   4.76140995E-03   2.11862233E-02
  0.166109741      0.184012756      0.104175776      0.164315507      0.184012756      0.103881672      0.162521258      0.184012756      0.103587568      0.160727024      0.184012756      0.103293456      0.158932790      0.184012756      0.102999352      0.157138556      0.184012756      0.102705248      0.155344322      0.184012756      0.102411136      0.153550074      0.184012756      0.102117032      0.151755840      0.184012756      0.101822928      0.149961606      0.184012756      0.101528823      0.148167372      0.184012756      0.101234712    
  0.116428263      0.180658013      0.123801000      0.114964157      0.180658013      0.122722961      0.113500044      0.180658013      0.121644929      0.112035930      0.180658013      0.120566890      0.110571817      0.180658013      0.119488858      0.109107703      0.180658013      0.118410826      0.107643589      0.180658013      0.117332786      0.106179476      0.180658013      0.116254754      0.104715370      0.180658013      0.115176715      0.103251256      0.180658013      0.114098683      0.101787142      0.180658013      0.113020644    
   5.12786619E-02  0.109089375       7.29150698E-02   5.08988798E-02  0.109089375       7.11369962E-02   5.05190976E-02  0.109089375       6.93589151E-02   5.01393154E-02  0.109089375       6.75808415E-02   4.97595333E-02  0.109089375       6.58027679E-02   4.93797511E-02  0.109089375       6.40246943E-02   4.89999689E-02  0.109089375       6.22466169E-02   4.86201867E-02  0.109089375       6.04685433E-02   4.82404046E-02  0.109089375       5.86904660E-02   4.78606261E-02  0.109089375       5.69123924E-02   4.74808440E-02  0.109089375       5.51343188E-02
  0.142847836       8.68177935E-02  0.151921004      0.144092008       8.68177935E-02  0.150595173      0.145336181       8.68177935E-02  0.149269357      0.146580353       8.68177935E-02  0.147943527      0.147824526       8.68177935E-02  0.146617696      0.149068698       8.68177935E-02  0.145291865      0.150312871       8.68177935E-02  0.143966034      0.151557043       8.68177935E-02  0.142640218      0.152801216       8.68177935E-02  0.141314387      0.154045388       8.68177935E-02  0.139988557      0.155289561       8.68177935E-02  0.138662726    
   7.55409710E-03  0.126108363      0.109596200       6.63132314E-03  0.126108363      0.108029589       5.70854917E-03  0.126108363      0.106462978       4.78577521E-03  0.126108363      0.104896367       3.86300101E-03  0.126108363      0.103329755       2.94022681E-03  0.126108363      0.101763144       2.01745285E-03  0.126108363      0.100196533       1.09467888E-03  0.126108363       9.86299217E-02   1.71904685E-04  0.126108363       9.70633104E-02  -7.50869280E-04  0.126108363       9.54966992E-02  -1.67364324E-03  0.126108363       9.39300805E-02
   5.89668043E-02   6.07024692E-02   3.20444293E-02   6.01509176E-02   6.07024692E-02   3.06646954E-02   6.13350272E-02   6.07024692E-02   2.92849634E-02   6.25191405E-02   6.07024692E-02   2.79052295E-02   6.37032539E-02   6.07024692E-02   2.65254974E-02   6.48873672E-02   6.07024692E-02   2.51457654E-02   6.60714805E-02   6.07024692E-02   2.37660315E-02   6.72555938E-02   6.07024692E-02   2.23862994E-02   6.84397072E-02   6.07024692E-02   2.10065655E-02   6.96238130E-02   6.07024692E-02   1.96268335E-02   7.08079264E-02   6.07024692E-02   1.82471015E-02
   8.28390941E-03   1.40435221E-02   3.29603739E-02   9.89909843E-03   1.40435221E-02   3.21255364E-02   1.15142865E-02   1.40435221E-02   3.12907025E-02   1.31294755E-02   1.40435221E-02   3.04558650E-02   1.47446636E-02   1.40435221E-02   2.96210293E-02   1.63598526E-02   1.40435221E-02   2.87861936E-02   1.79750398E-02   1.40435221E-02   2.79513560E-02   1.95902288E-02   1.40435221E-02   2.71165203E-02   2.12054178E-02   1.40435221E-02   2.62816846E-02   2.28206068E-02   1.40435221E-02   2.54468489E-02   2.44357940E-02   1.40435221E-02   2.46120133E-02
   3.46209370E-02  0.172662169      0.136524335       3.62824202E-02  0.172662169      0.135785922       3.79439034E-02  0.172662169      0.135047510       3.96053866E-02  0.172662169      0.134309083       4.12668698E-02  0.172662169      0.133570671       4.29283530E-02  0.172662169      0.132832259       4.45898362E-02  0.172662169      0.132093832       4.62513193E-02  0.172662169      0.131355420       4.79128025E-02  0.172662169      0.130617008       4.95742857E-02  0.172662169      0.129878581       5.12357689E-02  0.172662169      0.129140168    
  0.120116152       5.03729843E-02   2.59934496E-02  0.120807208       5.03729843E-02   2.43117139E-02  0.121498257       5.03729843E-02   2.26299800E-02  0.122189313       5.03729843E-02   2.09482461E-02  0.122880362       5.03729843E-02   1.92665104E-02  0.123571411       5.03729843E-02   1.75847746E-02  0.124262467       5.03729843E-02   1.59030408E-02  0.124953516       5.03729843E-02   1.42213060E-02  0.125644565       5.03729843E-02   1.25395712E-02  0.126335621       5.03729843E-02   1.08578363E-02  0.127026677       5.03729843E-02   9.17610154E-03
   1.67834982E-02  0.197492644       6.51169270E-02   1.57231726E-02  0.197492644       6.36399314E-02   1.46628488E-02  0.197492644       6.21629469E-02   1.36025250E-02  0.197492644       6.06859550E-02   1.25422003E-02  0.197492644       5.92089668E-02   1.14818756E-02  0.197492644       5.77319786E-02   1.04215518E-02  0.197492644       5.62549867E-02   9.36122704E-03  0.197492644       5.47779985E-02   8.30090232E-03  0.197492644       5.33010103E-02   7.24057853E-03  0.197492644       5.18240184E-02   6.18025428E-03  0.197492644       5.03470302E-02
  0.125469461      0.153400943       1.71752572E-02  0.125493079      0.153400943       1.53572299E-02  0.125516713      0.153400943       1.35392016E-02  0.125540331      0.153400943       1.17211733E-02  0.125563964      0.153400943       9.90314502E-03  0.125587597      0.153400943       8.08511674E-03  0.125611216      0.153400943       6.26708847E-03  0.125634849      0.153400943       4.44906019E-03  0.125658467      0.153400943       2.63103191E-03  0.125682101      0.153400943       8.13003629E-04  0.125705734      0.153400943      -1.00502465E-03
   4.94489186E-02   9.40817818E-02   3.34861353E-02   4.76372577E-02   9.40817818E-02   3.33322585E-02   4.58256006E-02   9.40817818E-02   3.31783816E-02   4.40139398E-02   9.40817818E-02   3.30245048E-02   4.22022827E-02   9.40817818E-02   3.28706279E-02   4.03906256E-02   9.40817818E-02   3.27167511E-02   3.85789648E-02   9.40817818E-02   3.25628743E-02   3.67673077E-02   9.40817818E-02   3.24089974E-02   3.49556468E-02   9.40817818E-02   3.22551206E-02   3.31439897E-02   9.40817818E-02   3.21012437E-02   3.13323326E-02   9.40817818E-02   3.19473669E-02
   6.13272525E-02   4.43175808E-02   5.23390807E-02   6.03294037E-02   4.43175808E-02   5.08191846E-02   5.93315512E-02   4.43175808E-02   4.92992923E-02   5.83337024E-02   4.43175808E-02   4.77793962E-02   5.73358536E-02   4.43175808E-02   4.62595001E-02   5.63380048E-02   4.43175808E-02   4.47396040E-02   5.53401560E-02   4.43175808E-02   4.32197079E-02   5.43423034E-02   4.43175808E-02   4.16998155E-02   5.33444546E-02   4.43175808E-02   4.01799195E-02   5.23466058E-02   4.43175808E-02   3.86600234E-02   5.13487570E-02   4.43175808E-02   3.71401310E-02
   8.29297602E-02   7.46556744E-02  0.145410165       8.30558091E-02   7.46556744E-02  0.143596366       8.31818655E-02   7.46556744E-02  0.141782552       8.33079144E-02   7.46556744E-02  0.139968753       8.34339634E-02   7.46556744E-02  0.138154939       8.35600123E-02   7.46556744E-02  0.136341125       8.36860612E-02   7.46556744E-02  0.134527326       8.38121176E-02   7.46556744E-02  0.132713512       8.39381665E-02   7.46556744E-02  0.130899712       8.40642154E-02   7.46556744E-02  0.129085898       8.41902643E-02   7.46556744E-02  0.127272099    
  0.166651756       3.62602249E-02   3.17041576E-02  0.167682871       3.62602249E-02   3.02066356E-02  0.168713987       3.62602249E-02   2.87091117E-02  0.169745117       3.62602249E-02   2.72115879E-02  0.170776233       3.62602249E-02   2.57140640E-02  0.171807349       3.62602249E-02   2.42165402E-02  0.172838479       3.62602249E-02   2.27190163E-02  0.173869595       3.62602249E-02   2.12214924E-02  0.174900711       3.62602249E-02   1.97239686E-02  0.175931826       3.62602249E-02   1.82264447E-02  0.176962957       3.62602249E-02   1.67289227E-02
  0.177772462       5.79786301E-03   5.21247499E-02  0.177492574       5.79786301E-03   5.03282398E-02  0.177212685       5.79786301E-03   4.85317297E-02  0.176932797       5.79786301E-03   4.67352197E-02  0.176652908       5.79786301E-03   4.49387096E-02  0.176373020       5.79786301E-03   4.31421995E-02  0.176093131       5.79786301E-03   4.13456894E-02  0.175813243       5.79786301E-03   3.95491794E-02  0.175533354       5.79786301E-03   3.77526693E-02  0.175253481       5.79786301E-03   3.59561592E-02  0.174973592       5.79786301E-03   3.41596492E-02
   8.15916359E-02   6.80045635E-02  0.159175545       8.25310871E-02   6.80045635E-02  0.157618880       8.34705308E-02   6.80045635E-02  0.156062201       8.44099745E-02   6.80045635E-02  0.154505536       8.53494182E-02   6.80045635E-02  0.152948856       8.62888619E-02   6.80045635E-02  0.151392177       8.72283056E-02   6.80045635E-02  0.149835512       8.81677493E-02   6.80045635E-02  0.148278832       8.91072005E-02   6.80045635E-02  0.146722168       9.00466442E-02   6.80045635E-02  0.145165488       9.09860879E-02   6.80045635E-02  0.143608823    
   1.45926848E-02   7.85501972E-02  0.200748801       1.39593044E-02   7.85501972E-02  0.199044496       1.33259241E-02   7.85501972E-02  0.197340205       1.26925446E-02   7.85501972E-02  0.195635915       1.20591642E-02   7.85501972E-02  0.193931624       1.14257839E-02   7.85501972E-02  0.192227334       1.07924044E-02   7.85501972E-02  0.190523043       1.01590240E-02   7.85501972E-02  0.188818753       9.52564366E-03   7.85501972E-02  0.187114447       8.89226422E-03   7.85501972E-02  0.185410157       8.25888384E-03   7.85501972E-02  0.183705866    
   2.53089843E-03  0.103595786      0.136524886       4.30049142E-03  0.103595786      0.136107370       6.07008394E-03  0.103595786      0.135689840       7.83967692E-03  0.103595786      0.135272324       9.60926991E-03  0.103595786      0.134854794       1.13788629E-02  0.103595786      0.134437263       1.31484559E-02  0.103595786      0.134019747       1.49180479E-02  0.103595786      0.133602217       1.66876409E-02  0.103595786      0.133184701       1.84572339E-02  0.103595786      0.132767171       2.02268269E-02  0.103595786      0.132349655    
  0.106562763       8.97936802E-03  0.123297751      0.106074996       8.97936802E-03  0.121546216      0.105587229       8.97936802E-03  0.119794682      0.105099455       8.97936802E-03  0.118043154      0.104611687       8.97936802E-03  0.116291620      0.104123920       8.97936802E-03  0.114540085      0.103636146       8.97936802E-03  0.112788558      0.103148378       8.97936802E-03  0.111037023      0.102660611       8.97936802E-03  0.109285489      0.102172844       8.97936802E-03  0.107533954      0.101685070       8.97936802E-03  0.105782427    
  0.114237398      0.123847820      0.117874242      0.114168018      0.123847820      0.116057381      0.114098646      0.123847820      0.114240527      0.114029266      0.123847820      0.112423673      0.113959886      0.123847820      0.110606812      0.113890506      0.123847820      0.108789951      0.113821127      0.123847820      0.106973097      0.113751754      0.123847820      0.105156243      0.113682374      0.123847820      0.103339382      0.113612995      0.123847820      0.101522520      0.113543615      0.123847820       9.97056663E-02
  0.173197806      0.151009560       2.44476963E-02  0.172180608      0.151009560       2.29406841E-02  0.171163395      0.151009560       2.14336719E-02  0.170146197      0.151009560       1.99266598E-02  0.169128999      0.151009560       1.84196476E-02  0.168111801      0.151009560       1.69126354E-02  0.167094603      0.151009560       1.54056232E-02  0.166077390      0.151009560       1.38986111E-02  0.165060192      0.151009560       1.23915989E-02  0.164042994      0.151009560       1.08845867E-02  0.163025796      0.151009560       9.37757362E-03
  0.186229318       6.05976097E-02   6.67897761E-02  0.184529185       6.05976097E-02   6.61452934E-02  0.182829067       6.05976097E-02   6.55008107E-02  0.181128949       6.05976097E-02   6.48563281E-02  0.179428816       6.05976097E-02   6.42118454E-02  0.177728683       6.05976097E-02   6.35673627E-02  0.176028565       6.05976097E-02   6.29228801E-02  0.174328446       6.05976097E-02   6.22783974E-02  0.172628313       6.05976097E-02   6.16339147E-02  0.170928180       6.05976097E-02   6.09894320E-02  0.169228062       6.05976097E-02   6.03449494E-02
   9.77646839E-03  0.127770811       5.13003878E-02   9.61901154E-03  0.127770811       4.94890362E-02   9.46155563E-03  0.127770811       4.76776883E-02   9.30409878E-03  0.127770811       4.58663367E-02   9.14664287E-03  0.127770811       4.40549850E-02   8.98918696E-03  0.127770811       4.22436334E-02   8.83173011E-03  0.127770811       4.04322818E-02   8.67427420E-03  0.127770811       3.86209339E-02   8.51681735E-03  0.127770811       3.68095823E-02   8.35936144E-03  0.127770811       3.49982306E-02   8.20190553E-03  0.127770811       3.31868790E-02
   3.00586410E-02  0.131337881      0.203024924       3.07210945E-02  0.131337881      0.201331720       3.13835479E-02  0.131337881      0.199638516       3.20460014E-02  0.131337881      0.197945312       3.27084549E-02  0.131337881      0.196252108       3.33709083E-02  0.131337881      0.194558904       3.40333618E-02  0.131337881      0.192865700       3.46958153E-02  0.131337881      0.191172495       3.53582688E-02  0.131337881      0.189479291       3.60207222E-02  0.131337881      0.187786087       3.66831757E-02  0.131337881      0.186092883    
   6.78951852E-03  0.131173760       4.44508754E-02   7.55437091E-03  0.131173760       4.28013951E-02   8.31922330E-03  0.131173760       4.11519147E-02   9.08407662E-03  0.131173760       3.95024344E-02   9.84892901E-03  0.131173760       3.78529541E-02   1.06137814E-02  0.131173760       3.62034738E-02   1.13786347E-02  0.131173760       3.45539935E-02   1.21434871E-02  0.131173760       3.29045132E-02   1.29083395E-02  0.131173760       3.12550329E-02   1.36731919E-02  0.131173760       2.96055526E-02   1.44380443E-02  0.131173760       2.79560722E-02
  0.199464679       8.87293369E-02   8.00369456E-02  0.198433638       8.87293369E-02   7.85393640E-02  0.197402611       8.87293369E-02   7.70417824E-02  0.196371570       8.87293369E-02   7.55441934E-02  0.195340544       8.87293369E-02   7.40466118E-02  0.194309518       8.87293369E-02   7.25490302E-02  0.193278477       8.87293369E-02   7.10514411E-02  0.192247450       8.87293369E-02   6.95538595E-02  0.191216409       8.87293369E-02   6.80562779E-02  0.190185383       8.87293369E-02   6.65586889E-02  0.189154357       8.87293369E-02   6.50611073E-02
   9.55273062E-02   5.48834801E-02   3.02384328E-02   9.71892178E-02   5.48834801E-02   2.95009818E-02   9.88511294E-02   5.48834801E-02   2.87635308E-02  0.100513041       5.48834801E-02   2.80260798E-02  0.102174953       5.48834801E-02   2.72886287E-02  0.103836864       5.48834801E-02   2.65511777E-02  0.105498776       5.48834801E-02   2.58137267E-02  0.107160687       5.48834801E-02   2.50762757E-02  0.108822599       5.48834801E-02   2.43388247E-02  0.110484511       5.48834801E-02   2.36013737E-02  0.112146422       5.48834801E-02   2.28639226E-02
   3.51485759E-02   4.42242138E-02   8.23179334E-02   3.63698155E-02   4.42242138E-02   8.09709504E-02   3.75910550E-02   4.42242138E-02   7.96239674E-02   3.88122909E-02   4.42242138E-02   7.82769844E-02   4.00335304E-02   4.42242138E-02   7.69300014E-02   4.12547700E-02   4.42242138E-02   7.55830184E-02   4.24760059E-02   4.42242138E-02   7.42360353E-02   4.36972454E-02   4.42242138E-02   7.28890523E-02   4.49184850E-02   4.42242138E-02   7.15420693E-02   4.61397208E-02   4.42242138E-02   7.01950863E-02   4.73609604E-02   4.42242138E-02   6.88481033E-02
  0.162388831       5.55387028E-02   4.65249754E-02  0.162522495       5.55387028E-02   4.47117165E-02  0.162656158       5.55387028E-02   4.28984538E-02  0.162789822       5.55387028E-02   4.10851911E-02  0.162923485       5.55387028E-02   3.92719284E-02  0.163057148       5.55387028E-02   3.74586657E-02  0.163190812       5.55387028E-02   3.56454030E-02  0.163324475       5.55387028E-02   3.38321403E-02  0.163458139       5.55387028E-02   3.20188813E-02  0.163591802       5.55387028E-02   3.02056186E-02  0.163725466       5.55387028E-02   2.83923559E-02
   4.98031676E-02  0.134344250      0.127229616       4.81802151E-02  0.134344250      0.126409978       4.65572625E-02  0.134344250      0.125590339       4.49343100E-02  0.134344250      0.124770693       4.33113575E-02  0.134344250      0.123951055       4.16884050E-02  0.134344250      0.123131417       4.00654525E-02  0.134344250      0.122311771       3.84424999E-02  0.134344250      0.121492133       3.68195474E-02  0.134344250      0.120672494       3.51965949E-02  0.134344250      0.119852848       3.35736424E-02  0.134344250      0.119033210    
   3.84965166E-02  0.113233045      0.109527402       4.02681306E-02  0.113233045      0.109118529       4.20397408E-02  0.113233045      0.108709648       4.38113511E-02  0.113233045      0.108300775       4.55829613E-02  0.113233045      0.107891895       4.73545715E-02  0.113233045      0.107483014       4.91261818E-02  0.113233045      0.107074142       5.08977920E-02  0.113233045      0.106665261       5.26694059E-02  0.113233045      0.106256388       5.44410162E-02  0.113233045      0.105847508       5.62126264E-02  0.113233045      0.105438635    
  0.138174683       3.20269577E-02   8.47008303E-02  0.138399750       3.20269577E-02   8.28966349E-02  0.138624802       3.20269577E-02   8.10924321E-02  0.138849854       3.20269577E-02   7.92882368E-02  0.139074907       3.20269577E-02   7.74840340E-02  0.139299959       3.20269577E-02   7.56798312E-02  0.139525011       3.20269577E-02   7.38756359E-02  0.139750063       3.20269577E-02   7.20714331E-02  0.139975131       3.20269577E-02   7.02672377E-02  0.140200183       3.20269577E-02   6.84630349E-02  0.140425235       3.20269577E-02   6.66588396E-02
   7.68008977E-02   4.77220528E-02   7.15828836E-02   7.62721747E-02   4.77220528E-02   6.98432773E-02   7.57434517E-02   4.77220528E-02   6.81036711E-02   7.52147287E-02   4.77220528E-02   6.63640574E-02   7.46860057E-02   4.77220528E-02   6.46244511E-02   7.41572827E-02   4.77220528E-02   6.28848448E-02   7.36285597E-02   4.77220528E-02   6.11452349E-02   7.30998367E-02   4.77220528E-02   5.94056249E-02   7.25711137E-02   4.77220528E-02   5.76660186E-02   7.20423907E-02   4.77220528E-02   5.59264123E-02   7.15136677E-02   4.77220528E-02   5.41868024E-02
  0.135932446       7.71534443E-02  0.119281039      0.137745082       7.71534443E-02  0.119139172      0.139557719       7.71534443E-02  0.118997306      0.141370356       7.71534443E-02  0.118855439      0.143182993       7.71534443E-02  0.118713573      0.144995630       7.71534443E-02  0.118571706      0.146808267       7.71534443E-02  0.118429840      0.148620903       7.71534443E-02  0.118287973      0.150433540       7.71534443E-02  0.118146107      0.152246192       7.71534443E-02  0.118004240      0.154058829       7.71534443E-02  0.117862381    
   2.59288400E-02   7.28558078E-02   9.15245935E-02   2.43117530E-02   7.28558078E-02   9.06934440E-02   2.26946641E-02   7.28558078E-02   8.98622945E-02   2.10775770E-02   7.28558078E-02   8.90311450E-02   1.94604881E-02   7.28558078E-02   8.81999955E-02   1.78433992E-02   7.28558078E-02   8.73688459E-02   1.62263121E-02   7.28558078E-02   8.65376964E-02   1.46092232E-02   7.28558078E-02   8.57065469E-02   1.29921352E-02   7.28558078E-02   8.48753974E-02   1.13750473E-02   7.28558078E-02   8.40442479E-02   9.75795928E-03   7.28558078E-02   8.32130909E-02
  0.170578718       7.27107078E-02   5.03361821E-02  0.172357082       7.27107078E-02   4.99577485E-02  0.174135447       7.27107078E-02   4.95793149E-02  0.175913811       7.27107078E-02   4.92008850E-02  0.177692175       7.27107078E-02   4.88224514E-02  0.179470539       7.27107078E-02   4.84440178E-02  0.181248903       7.27107078E-02   4.80655879E-02  0.183027267       7.27107078E-02   4.76871543E-02  0.184805632       7.27107078E-02   4.73087206E-02  0.186583996       7.27107078E-02   4.69302908E-02  0.188362345       7.27107078E-02   4.65518571E-02
  0.163418472      0.116651677      0.171019495      0.162343651      0.116651677      0.169553012      0.161268830      0.116651677      0.168086544      0.160193995      0.116651677      0.166620076      0.159119174      0.116651677      0.165153608      0.158044353      0.116651677      0.163687140      0.156969517      0.116651677      0.162220672      0.155894697      0.116651677      0.160754204      0.154819876      0.116651677      0.159287721      0.153745040      0.116651677      0.157821253      0.152670220      0.116651677      0.156354785    
  0.131475240      0.184742644      0.174355358      0.132904410      0.184742644      0.173231408      0.134333581      0.184742644      0.172107458      0.135762751      0.184742644      0.170983508      0.137191921      0.184742644      0.169859558      0.138621092      0.184742644      0.168735608      0.140050262      0.184742644      0.167611659      0.141479433      0.184742644      0.166487709      0.142908603      0.184742644      0.165363759      0.144337773      0.184742644      0.164239809      0.145766929      0.184742644      0.163115859    
   2.44322233E-02  0.125896648      0.149651483       2.58705094E-02  0.125896648      0.148539215       2.73087956E-02  0.125896648      0.147426963       2.87470799E-02  0.125896648      0.146314695       3.01853660E-02  0.125896648      0.145202443       3.16236503E-02  0.125896648      0.144090191       3.30619365E-02  0.125896648      0.142977923       3.45002227E-02  0.125896648      0.141865671       3.59385088E-02  0.125896648      0.140753403       3.73767950E-02  0.125896648      0.139641151       3.88150811E-02  0.125896648      0.138528883    
   2.01473609E-02  0.195135877       5.63642904E-02   1.96502116E-02  0.195135877       5.46153970E-02   1.91530641E-02  0.195135877       5.28665036E-02   1.86559167E-02  0.195135877       5.11176102E-02   1.81587692E-02  0.195135877       4.93687168E-02   1.76616218E-02  0.195135877       4.76198234E-02   1.71644744E-02  0.195135877       4.58709300E-02   1.66673269E-02  0.195135877       4.41220365E-02   1.61701776E-02  0.195135877       4.23731431E-02   1.56730302E-02  0.195135877       4.06242497E-02   1.51758827E-02  0.195135877       3.88753563E-02
  0.134593457       9.84937698E-02  0.189088538      0.136131302       9.84937698E-02  0.188118577      0.137669146       9.84937698E-02  0.187148616      0.139206991       9.84937698E-02  0.186178669      0.140744835       9.84937698E-02  0.185208708      0.142282680       9.84937698E-02  0.184238747      0.143820524       9.84937698E-02  0.183268800      0.145358369       9.84937698E-02  0.182298839      0.146896213       9.84937698E-02  0.181328878      0.148434058       9.84937698E-02  0.180358931      0.149971902       9.84937698E-02  0.179388970    
  -1.02429651E-04   7.39281699E-02  0.117995434       5.90666430E-04   7.39281699E-02  0.116314538       1.28376239E-03   7.39281699E-02  0.114633642       1.97685836E-03   7.39281699E-02  0.112952754       2.66995444E-03   7.39281699E-02  0.111271858       3.36305052E-03   7.39281699E-02  0.109590963       4.05614637E-03   7.39281699E-02  0.107910074       4.74924222E-03   7.39281699E-02  0.106229179       5.44233853E-03   7.39281699E-02  0.104548283       6.13543438E-03   7.39281699E-02  0.102867395       6.82853069E-03   7.39281699E-02  0.101186499    
  0.140241757      0.123007350      0.189066768      0.141727433      0.123007350      0.188018665      0.143213123      0.123007350      0.186970562      0.144698799      0.123007350      0.185922444      0.146184489      0.123007350      0.184874341      0.147670180      0.123007350      0.183826238      0.149155855      0.123007350      0.182778120      0.150641546      0.123007350      0.181730017      0.152127221      0.123007350      0.180681914      0.153612912      0.123007350      0.179633796      0.155098587      0.123007350      0.178585693    
  0.190044582      0.163275108      0.167999104      0.188359022      0.163275108      0.167317420      0.186673462      0.163275108      0.166635752      0.184987918      0.163275108      0.165954068      0.183302358      0.163275108      0.165272385      0.181616798      0.163275108      0.164590701      0.179931253      0.163275108      0.163909018      0.178245693      0.163275108      0.163227350      0.176560134      0.163275108      0.162545666      0.174874574      0.163275108      0.161863983      0.173189029      0.163275108      0.161182314    
  0.141864061      0.113410622      0.150808483      0.141864061      0.112447701      0.152350754      0.141864061      0.111484773      0.153893009      0.141864061      0.110521846      0.155435264      0.141864061      0.109558918      0.156977519      0.141864061      0.108595990      0.158519775      0.141864061      0.107633062      0.160062030      0.141864061      0.106670134      0.161604285      0.141864061      0.105707213      0.163146555      0.141864061      0.104744285      0.164688811      0.141864061      0.103781357      0.166231066    
  0.121468596      0.124273419       9.23038200E-02  0.121468596      0.124035746       9.05012414E-02  0.121468596      0.123798072       8.86986628E-02  0.121468596      0.123560399       8.68960768E-02  0.121468596      0.123322725       8.50934982E-02  0.121468596      0.123085052       8.32909197E-02  0.121468596      0.122847378       8.14883336E-02  0.121468596      0.122609705       7.96857551E-02  0.121468596      0.122372031       7.78831765E-02  0.121468596      0.122134358       7.60805979E-02  0.121468596      0.121896684       7.42780119E-02
  0.167107865      0.188461006       7.12789595E-02  0.167107865      0.186866477       7.04053119E-02  0.167107865      0.185271949       6.95316643E-02  0.167107865      0.183677420       6.86580092E-02  0.167107865      0.182082891       6.77843615E-02  0.167107865      0.180488363       6.69107139E-02  0.167107865      0.178893834       6.60370588E-02  0.167107865      0.177299306       6.51634112E-02  0.167107865      0.175704777       6.42897636E-02  0.167107865      0.174110249       6.34161085E-02  0.167107865      0.172515720       6.25424609E-02
   5.19731045E-02  0.112779431      0.146254599       5.19731045E-02  0.112709060      0.148071423       5.19731045E-02  0.112638690      0.149888247       5.19731045E-02  0.112568319      0.151705056       5.19731045E-02  0.112497948      0.153521881       5.19731045E-02  0.112427577      0.155338705       5.19731045E-02  0.112357207      0.157155514       5.19731045E-02  0.112286836      0.158972338       5.19731045E-02  0.112216465      0.160789162       5.19731045E-02  0.112146094      0.162605971       5.19731045E-02  0.112075724      0.164422795    
   4.28369530E-02  0.163894564       9.43398252E-02   4.28369530E-02  0.163280606       9.60512161E-02   4.28369530E-02  0.162666664       9.77625996E-02   4.28369530E-02  0.162052706       9.94739905E-02   4.28369530E-02  0.161438748      0.101185374       4.28369530E-02  0.160824791      0.102896757       4.28369530E-02  0.160210833      0.104608148       4.28369530E-02  0.159596890      0.106319532       4.28369530E-02  0.158982933      0.108030923       4.28369530E-02  0.158368975      0.109742306       4.28369530E-02  0.157755017      0.111453697    
   2.26983558E-02   9.70009193E-02   6.10613823E-02   2.26983558E-02   9.56080705E-02   5.98927252E-02   2.26983558E-02   9.42152217E-02   5.87240681E-02   2.26983558E-02   9.28223729E-02   5.75554147E-02   2.26983558E-02   9.14295241E-02   5.63867576E-02   2.26983558E-02   9.00366753E-02   5.52181005E-02   2.26983558E-02   8.86438265E-02   5.40494472E-02   2.26983558E-02   8.72509778E-02   5.28807901E-02   2.26983558E-02   8.58581290E-02   5.17121330E-02   2.26983558E-02   8.44652802E-02   5.05434759E-02   2.26983558E-02   8.30724314E-02   4.93748225E-02
   9.23174843E-02  0.184911519       9.90859568E-02   9.23174843E-02  0.183844954      0.100558445       9.23174843E-02  0.182778373      0.102030925       9.23174843E-02  0.181711793      0.103503413       9.23174843E-02  0.180645227      0.104975894       9.23174843E-02  0.179578662      0.106448375       9.23174843E-02  0.178512082      0.107920863       9.23174843E-02  0.177445501      0.109393343       9.23174843E-02  0.176378936      0.110865831       9.23174843E-02  0.175312370      0.112338312       9.23174843E-02  0.174245790      0.113810793    
  0.130524352      0.129109666      0.127976865      0.130524352      0.127535596      0.127066866      0.130524352      0.125961512      0.126156881      0.130524352      0.124387443      0.125246897      0.130524352      0.122813366      0.124336913      0.130524352      0.121239290      0.123426929      0.130524352      0.119665220      0.122516938      0.130524352      0.118091144      0.121606953      0.130524352      0.116517067      0.120696969      0.130524352      0.114942998      0.119786985      0.130524352      0.113368921      0.118876994    
  0.130614281       4.02841121E-02  0.105113804      0.130614281       3.88330109E-02  0.104018316      0.130614281       3.73819135E-02  0.102922827      0.130614281       3.59308124E-02  0.101827338      0.130614281       3.44797149E-02  0.100731850      0.130614281       3.30286175E-02   9.96363610E-02  0.130614281       3.15775163E-02   9.85408723E-02  0.130614281       3.01264189E-02   9.74453837E-02  0.130614281       2.86753196E-02   9.63498950E-02  0.130614281       2.72242203E-02   9.52544063E-02  0.130614281       2.57731229E-02   9.41589102E-02
   8.38375126E-04   9.11365375E-02  0.113014460       8.38375126E-04   9.10826027E-02  0.111197084       8.38375126E-04   9.10286605E-02  0.109379701       8.38375126E-04   9.09747258E-02  0.107562318       8.38375126E-04   9.09207836E-02  0.105744936       8.38375126E-04   9.08668414E-02  0.103927553       8.38375126E-04   9.08129066E-02  0.102110170       8.38375126E-04   9.07589644E-02  0.100292787       8.38375126E-04   9.07050297E-02   9.84754115E-02   8.38375126E-04   9.06510875E-02   9.66580287E-02   8.38375126E-04   9.05971527E-02   9.48406458E-02
   5.52613251E-02  0.182760105       9.24819484E-02   5.52613251E-02  0.181410193       9.36999470E-02   5.52613251E-02  0.180060282       9.49179456E-02   5.52613251E-02  0.178710356       9.61359367E-02   5.52613251E-02  0.177360445       9.73539352E-02   5.52613251E-02  0.176010534       9.85719338E-02   5.52613251E-02  0.174660608       9.97899249E-02   5.52613251E-02  0.173310697      0.101007923       5.52613251E-02  0.171960786      0.102225922       5.52613251E-02  0.170610875      0.103443913       5.52613251E-02  0.169260949      0.104661912    
   2.77672298E-02   9.04622078E-02   7.35191926E-02   2.77672298E-02   8.88687968E-02   7.43948743E-02   2.77672298E-02   8.72753859E-02   7.52705634E-02   2.77672298E-02   8.56819749E-02   7.61462450E-02   2.77672298E-02   8.40885639E-02   7.70219341E-02   2.77672298E-02   8.24951530E-02   7.78976232E-02   2.77672298E-02   8.09017420E-02   7.87733048E-02   2.77672298E-02   7.93083310E-02   7.96489939E-02   2.77672298E-02   7.77149200E-02   8.05246755E-02   2.77672298E-02   7.61215091E-02   8.14003646E-02   2.77672298E-02   7.45280981E-02   8.22760537E-02
  0.107798673      0.176356792       8.75083134E-02  0.107798673      0.175536677       8.91310200E-02  0.107798673      0.174716547       9.07537341E-02  0.107798673      0.173896432       9.23764408E-02  0.107798673      0.173076302       9.39991474E-02  0.107798673      0.172256172       9.56218541E-02  0.107798673      0.171436056       9.72445607E-02  0.107798673      0.170615926       9.88672748E-02  0.107798673      0.169795811      0.100489981      0.107798673      0.168975681      0.102112688      0.107798673      0.168155566      0.103735402    
   4.39921878E-02  0.184565365       6.62992820E-02   4.39921878E-02  0.182748780       6.62228167E-02   4.39921878E-02  0.180932209       6.61463439E-02   4.39921878E-02  0.179115638       6.60698786E-02   4.39921878E-02  0.177299067       6.59934059E-02   4.39921878E-02  0.175482497       6.59169331E-02   4.39921878E-02  0.173665926       6.58404678E-02   4.39921878E-02  0.171849355       6.57639951E-02   4.39921878E-02  0.170032769       6.56875297E-02   4.39921878E-02  0.168216199       6.56110570E-02   4.39921878E-02  0.166399628       6.55345917E-02
  0.151738167       7.07100481E-02   7.24763125E-02  0.151738167       6.89346939E-02   7.20839873E-02  0.151738167       6.71593472E-02   7.16916621E-02  0.151738167       6.53839931E-02   7.12993443E-02  0.151738167       6.36086464E-02   7.09070191E-02  0.151738167       6.18332960E-02   7.05146939E-02  0.151738167       6.00579455E-02   7.01223761E-02  0.151738167       5.82825951E-02   6.97300509E-02  0.151738167       5.65072447E-02   6.93377256E-02  0.151738167       5.47318980E-02   6.89454079E-02  0.151738167       5.29565476E-02   6.85530826E-02
  0.134699062       8.82109106E-02  0.137809992      0.134699062       8.80857185E-02  0.139623851      0.134699062       8.79605263E-02  0.141437724      0.134699062       8.78353342E-02  0.143251583      0.134699062       8.77101421E-02  0.145065457      0.134699062       8.75849500E-02  0.146879330      0.134699062       8.74597579E-02  0.148693189      0.134699062       8.73345658E-02  0.150507063      0.134699062       8.72093737E-02  0.152320921      0.134699062       8.70841816E-02  0.154134795      0.134699062       8.69589895E-02  0.155948654    
  0.115830325      0.167481646       5.26765510E-02  0.115830325      0.165880904       5.18143550E-02  0.115830325      0.164280146       5.09521589E-02  0.115830325      0.162679404       5.00899591E-02  0.115830325      0.161078647       4.92277630E-02  0.115830325      0.159477890       4.83655669E-02  0.115830325      0.157877147       4.75033671E-02  0.115830325      0.156276390       4.66411710E-02  0.115830325      0.154675648       4.57789749E-02  0.115830325      0.153074890       4.49167788E-02  0.115830325      0.151474148       4.40545827E-02
  0.171266124       7.65613243E-02   9.49539542E-02  0.171266124       7.49745592E-02   9.40662771E-02  0.171266124       7.33877942E-02   9.31786001E-02  0.171266124       7.18010366E-02   9.22909230E-02  0.171266124       7.02142715E-02   9.14032459E-02  0.171266124       6.86275065E-02   9.05155689E-02  0.171266124       6.70407489E-02   8.96278918E-02  0.171266124       6.54539838E-02   8.87402147E-02  0.171266124       6.38672188E-02   8.78525376E-02  0.171266124       6.22804612E-02   8.69648606E-02  0.171266124       6.06936961E-02   8.60771835E-02
   1.50593286E-02  0.106812567      0.141614333       1.50593286E-02  0.105797343      0.143122673       1.50593286E-02  0.104782127      0.144631028       1.50593286E-02  0.103766903      0.146139368       1.50593286E-02  0.102751687      0.147647724       1.50593286E-02  0.101736471      0.149156079       1.50593286E-02  0.100721247      0.150664419       1.50593286E-02   9.97060314E-02  0.152172774       1.50593286E-02   9.86908078E-02  0.153681114       1.50593286E-02   9.76755917E-02  0.155189469       1.50593286E-02   9.66603681E-02  0.156697810    
  0.115766764       9.90374461E-02   5.47811016E-02  0.115766764       9.74181071E-02   5.56078665E-02  0.115766764       9.57987756E-02   5.64346313E-02  0.115766764       9.41794366E-02   5.72613962E-02  0.115766764       9.25601050E-02   5.80881611E-02  0.115766764       9.09407735E-02   5.89149259E-02  0.115766764       8.93214345E-02   5.97416908E-02  0.115766764       8.77021030E-02   6.05684556E-02  0.115766764       8.60827640E-02   6.13952205E-02  0.115766764       8.44634324E-02   6.22219853E-02  0.115766764       8.28440934E-02   6.30487502E-02
   8.78375098E-02   8.64566043E-02   3.88878509E-02   8.78375098E-02   8.60932022E-02   4.06693481E-02   8.78375098E-02   8.57298002E-02   4.24508415E-02   8.78375098E-02   8.53663981E-02   4.42323387E-02   8.78375098E-02   8.50029960E-02   4.60138321E-02   8.78375098E-02   8.46395940E-02   4.77953255E-02   8.78375098E-02   8.42761919E-02   4.95768227E-02   8.78375098E-02   8.39127898E-02   5.13583161E-02   8.78375098E-02   8.35493878E-02   5.31398132E-02   8.78375098E-02   8.31859857E-02   5.49213067E-02   8.78375098E-02   8.28225836E-02   5.67028001E-02
  0.155268341      0.202639252      0.106156170      0.155268341      0.200826719      0.106012918      0.155268341      0.199014202      0.105869658      0.155268341      0.197201669      0.105726406      0.155268341      0.195389137      0.105583146      0.155268341      0.193576604      0.105439886      0.155268341      0.191764072      0.105296634      0.155268341      0.189951554      0.105153374      0.155268341      0.188139021      0.105010122      0.155268341      0.186326489      0.104866862      0.155268341      0.184513956      0.104723610    
  0.136070728      0.148059309       8.54004771E-02  0.136070728      0.146260247       8.56635123E-02  0.136070728      0.144461200       8.59265476E-02  0.136070728      0.142662138       8.61895904E-02  0.136070728      0.140863091       8.64526257E-02  0.136070728      0.139064044       8.67156610E-02  0.136070728      0.137264982       8.69787037E-02  0.136070728      0.135465935       8.72417390E-02  0.136070728      0.133666873       8.75047743E-02  0.136070728      0.131867826       8.77678096E-02  0.136070728      0.130068764       8.80308524E-02
   9.39178467E-03   5.23587689E-02  0.190894216       9.39178467E-03   5.13263196E-02  0.189397603       9.39178467E-03   5.02938740E-02  0.187900990       9.39178467E-03   4.92614247E-02  0.186404392       9.39178467E-03   4.82289791E-02  0.184907779       9.39178467E-03   4.71965335E-02  0.183411166       9.39178467E-03   4.61640842E-02  0.181914568       9.39178467E-03   4.51316386E-02  0.180417955       9.39178467E-03   4.40991893E-02  0.178921342       9.39178467E-03   4.30667438E-02  0.177424729       9.39178467E-03   4.20342982E-02  0.175928131    
  0.145158961       9.33279246E-02   1.82696581E-02  0.145158961       9.18443128E-02   1.93206966E-02  0.145158961       9.03607011E-02   2.03717351E-02  0.145158961       8.88770893E-02   2.14227736E-02  0.145158961       8.73934776E-02   2.24738121E-02  0.145158961       8.59098658E-02   2.35248506E-02  0.145158961       8.44262540E-02   2.45758891E-02  0.145158961       8.29426423E-02   2.56269276E-02  0.145158961       8.14590305E-02   2.66779661E-02  0.145158961       7.99754187E-02   2.77290046E-02  0.145158961       7.84918070E-02   2.87800431E-02
  0.118103698      0.170252755       4.23034690E-02  0.118103698      0.169913769       4.40897718E-02  0.118103698      0.169574782       4.58760746E-02  0.118103698      0.169235811       4.76623774E-02  0.118103698      0.168896824       4.94486801E-02  0.118103698      0.168557838       5.12349829E-02  0.118103698      0.168218866       5.30212857E-02  0.118103698      0.167879879       5.48075885E-02  0.118103698      0.167540893       5.65938912E-02  0.118103698      0.167201921       5.83801940E-02  0.118103698      0.166862935       6.01664931E-02
   8.42710063E-02  0.149152964      0.177420229       8.42710063E-02  0.147703692      0.178518131       8.42710063E-02  0.146254405      0.179616019       8.42710063E-02  0.144805133      0.180713922       8.42710063E-02  0.143355846      0.181811810       8.42710063E-02  0.141906559      0.182909697       8.42710063E-02  0.140457287      0.184007600       8.42710063E-02  0.139008000      0.185105488       8.42710063E-02  0.137558728      0.186203390       8.42710063E-02  0.136109442      0.187301278       8.42710063E-02  0.134660169      0.188399181    
  0.111406803       1.71378925E-02   8.36896971E-02  0.111406803       1.63949486E-02   8.53491649E-02  0.111406803       1.56520046E-02   8.70086253E-02  0.111406803       1.49090607E-02   8.86680931E-02  0.111406803       1.41661167E-02   9.03275535E-02  0.111406803       1.34231728E-02   9.19870138E-02  0.111406803       1.26802288E-02   9.36464816E-02  0.111406803       1.19372848E-02   9.53059420E-02  0.111406803       1.11943418E-02   9.69654098E-02  0.111406803       1.04513979E-02   9.86248702E-02  0.111406803       9.70845390E-03  0.100284338    
  0.135498330      0.121662192       9.64793935E-02  0.135498330      0.121449664       9.46736783E-02  0.135498330      0.121237136       9.28679630E-02  0.135498330      0.121024609       9.10622403E-02  0.135498330      0.120812081       8.92565250E-02  0.135498330      0.120599553       8.74508098E-02  0.135498330      0.120387025       8.56450871E-02  0.135498330      0.120174497       8.38393718E-02  0.135498330      0.119961970       8.20336565E-02  0.135498330      0.119749442       8.02279338E-02  0.135498330      0.119536921       7.84222186E-02
  0.134792671       6.56877235E-02   2.28022505E-03  0.134792671       6.45184740E-02   3.67258023E-03  0.134792671       6.33492321E-02   5.06493542E-03  0.134792671       6.21799901E-02   6.45729061E-03  0.134792671       6.10107444E-02   7.84964580E-03  0.134792671       5.98414987E-02   9.24200099E-03  0.134792671       5.86722568E-02   1.06343562E-02  0.134792671       5.75030111E-02   1.20267114E-02  0.134792671       5.63337654E-02   1.34190666E-02  0.134792671       5.51645234E-02   1.48114208E-02  0.134792671       5.39952777E-02   1.62037760E-02
  0.129087791      0.179900557      0.110010348      0.129087791      0.179685086      0.108204983      0.129087791      0.179469600      0.106399618      0.129087791      0.179254115      0.104594246      0.129087791      0.179038629      0.102788880      0.129087791      0.178823143      0.100983515      0.129087791      0.178607658       9.91781428E-02  0.129087791      0.178392172       9.73727778E-02  0.129087791      0.178176701       9.55674127E-02  0.129087791      0.177961215       9.37620401E-02  0.129087791      0.177745730       9.19566751E-02
  0.173073247       4.96439748E-02   7.76292533E-02  0.173073247       4.78368625E-02   7.78295770E-02  0.173073247       4.60297503E-02   7.80299082E-02  0.173073247       4.42226380E-02   7.82302320E-02  0.173073247       4.24155258E-02   7.84305558E-02  0.173073247       4.06084135E-02   7.86308795E-02  0.173073247       3.88013013E-02   7.88312033E-02  0.173073247       3.69941890E-02   7.90315345E-02  0.173073247       3.51870768E-02   7.92318583E-02  0.173073247       3.33799645E-02   7.94321820E-02  0.173073247       3.15728523E-02   7.96325058E-02
  0.182620481      0.106064014       8.94599929E-02  0.182620481      0.105291486       8.78140926E-02  0.182620481      0.104518950       8.61681998E-02  0.182620481      0.103746422       8.45222995E-02  0.182620481      0.102973893       8.28763992E-02  0.182620481      0.102201365       8.12304989E-02  0.182620481      0.101428837       7.95845985E-02  0.182620481      0.100656301       7.79387057E-02  0.182620481       9.98837724E-02   7.62928054E-02  0.182620481       9.91112441E-02   7.46469051E-02  0.182620481       9.83387157E-02   7.30010048E-02
  0.103611566      0.205240175      0.132477060      0.103611566      0.203890517      0.133695334      0.103611566      0.202540860      0.134913623      0.103611566      0.201191202      0.136131898      0.103611566      0.199841544      0.137350187      0.103611566      0.198491886      0.138568476      0.103611566      0.197142228      0.139786750      0.103611566      0.195792571      0.141005039      0.103611566      0.194442913      0.142223313      0.103611566      0.193093255      0.143441603      0.103611566      0.191743612      0.144659877    
   4.50993069E-02  0.188553065       4.78202552E-02   4.50993069E-02  0.187461883       4.92745899E-02   4.50993069E-02  0.186370701       5.07289283E-02   4.50993069E-02  0.185279503       5.21832630E-02   4.50993069E-02  0.184188321       5.36376014E-02   4.50993069E-02  0.183097139       5.50919399E-02   4.50993069E-02  0.182005942       5.65462746E-02   4.50993069E-02  0.180914760       5.80006130E-02   4.50993069E-02  0.179823577       5.94549477E-02   4.50993069E-02  0.178732380       6.09092861E-02   4.50993069E-02  0.177641198       6.23636246E-02
   8.77703652E-02  0.163161725      0.109687038       8.77703652E-02  0.161529183      0.108886696       8.77703652E-02  0.159896627      0.108086348       8.77703652E-02  0.158264071      0.107286006       8.77703652E-02  0.156631514      0.106485657       8.77703652E-02  0.154998958      0.105685309       8.77703652E-02  0.153366402      0.104884967       8.77703652E-02  0.151733845      0.104084618       8.77703652E-02  0.150101304      0.103284277       8.77703652E-02  0.148468748      0.102483928       8.77703652E-02  0.146836191      0.101683587    
  0.104577683       3.75717841E-02   6.21975511E-02  0.104577683       3.75360884E-02   6.40153810E-02  0.104577683       3.75003926E-02   6.58332184E-02  0.104577683       3.74646969E-02   6.76510483E-02  0.104577683       3.74290012E-02   6.94688782E-02  0.104577683       3.73933055E-02   7.12867081E-02  0.104577683       3.73576097E-02   7.31045380E-02  0.104577683       3.73219140E-02   7.49223754E-02  0.104577683       3.72862183E-02   7.67402053E-02  0.104577683       3.72505225E-02   7.85580352E-02  0.104577683       3.72148268E-02   8.03758651E-02
  0.164006338       5.59324250E-02  0.151355118      0.164006338       5.57227246E-02  0.153161153      0.164006338       5.55130243E-02  0.154967204      0.164006338       5.53033240E-02  0.156773254      0.164006338       5.50936237E-02  0.158579305      0.164006338       5.48839234E-02  0.160385355      0.164006338       5.46742231E-02  0.162191406      0.164006338       5.44645227E-02  0.163997456      0.164006338       5.42548224E-02  0.165803492      0.164006338       5.40451258E-02  0.167609543      0.164006338       5.38354255E-02  0.169415593    
   4.25024517E-02  0.146031082      0.140456453       4.25024517E-02  0.144308552      0.141038448       4.25024517E-02  0.142586038      0.141620427       4.25024517E-02  0.140863508      0.142202422       4.25024517E-02  0.139140993      0.142784402       4.25024517E-02  0.137418479      0.143366382       4.25024517E-02  0.135695949      0.143948376       4.25024517E-02  0.133973435      0.144530356       4.25024517E-02  0.132250905      0.145112351       4.25024517E-02  0.130528390      0.145694330       4.25024517E-02  0.128805876      0.146276325    
  0.178066254      0.166791767      0.164995983      0.178066254      0.165103450      0.165670812      0.178066254      0.163415134      0.166345641      0.178066254      0.161726832      0.167020455      0.178066254      0.160038516      0.167695284      0.178066254      0.158350199      0.168370113      0.178066254      0.156661898      0.169044927      0.178066254      0.154973581      0.169719756      0.178066254      0.153285265      0.170394585      0.178066254      0.151596963      0.171069413      0.178066254      0.149908647      0.171744227    
   5.47941700E-02  0.130287707       7.86644071E-02   5.47941700E-02  0.129141435       8.00757408E-02   5.47941700E-02  0.127995163       8.14870670E-02   5.47941700E-02  0.126848891       8.28983933E-02   5.47941700E-02  0.125702620       8.43097195E-02   5.47941700E-02  0.124556348       8.57210457E-02   5.47941700E-02  0.123410076       8.71323720E-02   5.47941700E-02  0.122263804       8.85436982E-02   5.47941700E-02  0.121117532       8.99550319E-02   5.47941700E-02  0.119971260       9.13663581E-02   5.47941700E-02  0.118824989       9.27776843E-02
  0.193655118      0.167637616      0.157696545      0.193655118      0.166192919      0.158800468      0.193655118      0.164748222      0.159904391      0.193655118      0.163303539      0.161008313      0.193655118      0.161858842      0.162112236      0.193655118      0.160414144      0.163216159      0.193655118      0.158969462      0.164320081      0.193655118      0.157524765      0.165424004      0.193655118      0.156080067      0.166527927      0.193655118      0.154635385      0.167631865      0.193655118      0.153190687      0.168735787    
   2.05477234E-02  0.149792701       3.58356833E-02   2.05477234E-02  0.148919016       3.42411771E-02   2.05477234E-02  0.148045316       3.26466747E-02   2.05477234E-02  0.147171631       3.10521685E-02   2.05477234E-02  0.146297932       2.94576641E-02   2.05477234E-02  0.145424232       2.78631598E-02   2.05477234E-02  0.144550547       2.62686554E-02   2.05477234E-02  0.143676847       2.46741511E-02   2.05477234E-02  0.142803162       2.30796449E-02   2.05477234E-02  0.141929463       2.14851424E-02   2.05477234E-02  0.141055778       1.98906362E-02
   9.56090465E-02  0.108013161       1.30279958E-02   9.56090465E-02  0.106428094       1.39186941E-02   9.56090465E-02  0.104843028       1.48093915E-02   9.56090465E-02  0.103257954       1.57000888E-02   9.56090465E-02  0.101672888       1.65907871E-02   9.56090465E-02  0.100087821       1.74814854E-02   9.56090465E-02   9.85027477E-02   1.83721818E-02   9.56090465E-02   9.69176814E-02   1.92628801E-02   9.56090465E-02   9.53326151E-02   2.01535784E-02   9.56090465E-02   9.37475413E-02   2.10442748E-02   9.56090465E-02   9.21624750E-02   2.19349731E-02
   4.14887927E-02  0.109058663       5.35848252E-02   4.14887927E-02  0.107361481       5.29326275E-02   4.14887927E-02  0.105664305       5.22804298E-02   4.14887927E-02  0.103967123       5.16282357E-02   4.14887927E-02  0.102269940       5.09760380E-02   4.14887927E-02  0.100572757       5.03238402E-02   4.14887927E-02   9.88755748E-02   4.96716462E-02   4.14887927E-02   9.71783996E-02   4.90194485E-02   4.14887927E-02   9.54812169E-02   4.83672507E-02   4.14887927E-02   9.37840343E-02   4.77150567E-02   4.14887927E-02   9.20868516E-02   4.70628589E-02
  0.154419377      0.132479414      0.138192788      0.154419377      0.131137133      0.139419198      0.154419377      0.129794851      0.140645593      0.154419377      0.128452569      0.141872004      0.154419377      0.127110288      0.143098399      0.154419377      0.125768006      0.144324794      0.154419377      0.124425724      0.145551205      0.154419377      0.123083442      0.146777600      0.154419377      0.121741153      0.148004010      0.154419377      0.120398872      0.149230406      0.154419377      0.119056590      0.150456816    
   5.52399158E-02   1.92138590E-02   3.81789580E-02   5.52399158E-02   1.88286491E-02   3.64020504E-02   5.52399158E-02   1.84434373E-02   3.46251428E-02   5.52399158E-02   1.80582274E-02   3.28482352E-02   5.52399158E-02   1.76730156E-02   3.10713295E-02   5.52399158E-02   1.72878038E-02   2.92944219E-02   5.52399158E-02   1.69025939E-02   2.75175162E-02   5.52399158E-02   1.65173821E-02   2.57406086E-02   5.52399158E-02   1.61321722E-02   2.39637028E-02   5.52399158E-02   1.57469604E-02   2.21867971E-02   5.52399158E-02   1.53617496E-02   2.04098895E-02
   1.61276348E-02   6.02051057E-02  0.154104188       1.61276348E-02   5.96202202E-02  0.152382657       1.61276348E-02   5.90353385E-02  0.150661111       1.61276348E-02   5.84504530E-02  0.148939580       1.61276348E-02   5.78655712E-02  0.147218034       1.61276348E-02   5.72806895E-02  0.145496488       1.61276348E-02   5.66958040E-02  0.143774956       1.61276348E-02   5.61109222E-02  0.142053410       1.61276348E-02   5.55260368E-02  0.140331879       1.61276348E-02   5.49411550E-02  0.138610333       1.61276348E-02   5.43562695E-02  0.136888802    
   9.39297676E-02   8.05226192E-02  0.164533839       9.39297676E-02   7.98385888E-02  0.162849233       9.39297676E-02   7.91545585E-02  0.161164641       9.39297676E-02   7.84705281E-02  0.159480035       9.39297676E-02   7.77864978E-02  0.157795429       9.39297676E-02   7.71024674E-02  0.156110823       9.39297676E-02   7.64184371E-02  0.154426217       9.39297676E-02   7.57344067E-02  0.152741626       9.39297676E-02   7.50503764E-02  0.151057020       9.39297676E-02   7.43663460E-02  0.149372414       9.39297676E-02   7.36823156E-02  0.147687808    
   6.80541992E-02  0.194571108      0.124530792       6.80541992E-02  0.192755908      0.124426924       6.80541992E-02  0.190940693      0.124323063       6.80541992E-02  0.189125478      0.124219194       6.80541992E-02  0.187310264      0.124115326       6.80541992E-02  0.185495049      0.124011457       6.80541992E-02  0.183679834      0.123907588       6.80541992E-02  0.181864619      0.123803727       6.80541992E-02  0.180049419      0.123699859       6.80541992E-02  0.178234205      0.123595990       6.80541992E-02  0.176418990      0.123492122    
   6.34412793E-03   3.15220654E-02  0.187475771       6.34412793E-03   3.01030148E-02  0.188612476       6.34412793E-03   2.86839642E-02  0.189749166       6.34412793E-03   2.72649117E-02  0.190885872       6.34412793E-03   2.58458611E-02  0.192022562       6.34412793E-03   2.44268104E-02  0.193159252       6.34412793E-03   2.30077580E-02  0.194295958       6.34412793E-03   2.15887073E-02  0.195432648       6.34412793E-03   2.01696549E-02  0.196569353       6.34412793E-03   1.87506042E-02  0.197706044       6.34412793E-03   1.73315518E-02  0.198842734    
